10 |	1000 |	2 |	0.4082 |	0.4371 |	0.7935 |	0.8453 |	42.2572 |	0.6532 |	92.2063 |		0.59 
10 |	1000 |	3 |	0.2151 |	2.1878 |	0.4285 |	4.3449 |	140.8971 |	1.1760 |	534.2246 |		0.85 
10 |	1000 |	4 |	0.0174 |	17.3371 |	0.0380 |	35.7334 |	244.9636 |	4.0500 |	626.5266 |		1.87 
10 |	1000 |	5 |	0.0000 |	11.0716 |	0.0001 |	24.5967 |	298.2414 |	30.6290 |	582.8741 |		3.93 
10 |	1000 |	6 |	0.0001 |	32.9171 |	0.0002 |	64.8235 |	315.0673 |	2.7126 |	619.4658 |		7.42 
10 |	1000 |	7 |	0.0000 |	1.6772 |	0.0000 |	3.1019 |	216.7033 |	4.4281 |	534.8401 |		13.65 
10 |	1000 |	8 |	0.0000 |	1.4305 |	0.0000 |	2.4356 |	221.8122 |	3.4608 |	566.7722 |		22.76 
10 |	1000 |	9 |	0.0000 |	1.6478 |	0.0000 |	3.2280 |	188.7239 |	5.1473 |	569.4812 |		35.42 
10 |	1000 |	10 |	0.0000 |	1.6246 |	0.0000 |	2.8496 |	226.1125 |	3.1771 |	570.1001 |		53.09 
20 |	1000 |	2 |	0.3942 |	0.3980 |	0.7649 |	0.7726 |	39.7612 |	0.7718 |	93.5848 |		1.38 
20 |	1000 |	3 |	0.3857 |	0.3937 |	0.7582 |	0.7731 |	36.0087 |	0.4508 |	92.9125 |		3.30 
20 |	1000 |	4 |	0.3404 |	0.4039 |	0.6685 |	0.7934 |	38.3394 |	0.1632 |	178.1032 |		7.39 
20 |	1000 |	5 |	0.3080 |	0.6707 |	0.6067 |	1.3014 |	69.8259 |	0.8411 |	412.0716 |		15.42 
20 |	1000 |	6 |	0.3257 |	2.3497 |	0.5557 |	1.3962 |	145.1933 |	0.1710 |	595.4272 |		29.79 
20 |	1000 |	7 |	0.2555 |	11.8436 |	0.4940 |	23.6982 |	159.6280 |	0.0261 |	607.3220 |		53.58 
20 |	1000 |	8 |	0.1246 |	13.4715 |	0.2782 |	83.6519 |	224.7217 |	3.6199 |	568.1541 |		90.34 
20 |	1000 |	9 |	0.0891 |	21.4786 |	0.1765 |	49.5492 |	244.5391 |	0.6664 |	599.5944 |		140.70 
20 |	1000 |	10 |	0.0132 |	31.3100 |	0.0160 |	72.3572 |	268.5958 |	2.4282 |	598.0009 |		211.91 
50 |	1000 |	2 |	0.3830 |	0.3836 |	0.7452 |	0.7463 |	36.6226 |	0.1337 |	92.6899 |		8.47 
50 |	1000 |	3 |	0.3763 |	0.3775 |	0.7395 |	0.7414 |	34.2319 |	0.1450 |	92.7638 |		20.77 
50 |	1000 |	4 |	0.3734 |	0.3754 |	0.7335 |	0.7372 |	33.6009 |	0.0179 |	92.2721 |		45.61 
50 |	1000 |	5 |	0.3723 |	0.3751 |	0.7312 |	0.7367 |	33.3152 |	0.0373 |	92.2414 |		95.77 
50 |	1000 |	6 |	0.3722 |	0.3751 |	0.7310 |	0.7370 |	33.4118 |	0.0297 |	98.1336 |		186.27 
50 |	1000 |	7 |	0.3707 |	0.3756 |	0.7278 |	0.7378 |	33.1997 |	0.0102 |	92.2398 |		335.07 
50 |	1000 |	8 |	0.3556 |	0.3749 |	0.6999 |	0.7364 |	33.2393 |	0.0231 |	92.2346 |		564.68 
50 |	1000 |	9 |	0.3572 |	0.3840 |	0.7015 |	0.7524 |	37.5520 |	0.0290 |	532.7543 |		877.64 
50 |	1000 |	10 |	0.3676 |	0.3790 |	0.7218 |	0.7454 |	33.3732 |	0.0166 |	126.2678 |		4226.81 
100 |	1000 |	2 |	0.3792 |	0.3793 |	0.7383 |	0.7386 |	35.7569 |	0.0926 |	94.4656 |		34.05 
100 |	1000 |	3 |	0.3728 |	0.3731 |	0.7316 |	0.7323 |	33.3330 |	0.0581 |	96.6959 |		83.65 
100 |	1000 |	4 |	0.3702 |	0.3707 |	0.7273 |	0.7282 |	32.9411 |	0.0088 |	92.2448 |		184.76 
100 |	1000 |	5 |	0.3694 |	0.3699 |	0.7257 |	0.7265 |	32.6546 |	0.0354 |	92.2855 |		384.41 
100 |	1000 |	6 |	0.3692 |	0.3698 |	0.7252 |	0.7264 |	32.6779 |	0.0075 |	92.2342 |		739.43 
100 |	1000 |	7 |	0.3681 |	0.3691 |	0.7234 |	0.7255 |	32.9003 |	0.0072 |	149.3164 |		1367.44 
100 |	1000 |	8 |	0.3663 |	0.3691 |	0.7193 |	0.7251 |	32.5000 |	0.0026 |	92.2372 |		2278.25 
100 |	1000 |	9 |	0.3681 |	0.3692 |	0.7230 |	0.7253 |	32.5213 |	0.0061 |	92.2341 |		3622.38 
100 |	1000 |	10 |	0.3678 |	0.3694 |	0.7223 |	0.7256 |	32.4530 |	0.0093 |	92.2554 |		5452.56 
200 |	1000 |	2 |	0.3773 |	0.3773 |	0.7348 |	0.7349 |	35.3340 |	0.0148 |	97.8130 |		139.56 
200 |	1000 |	3 |	0.3710 |	0.3710 |	0.7280 |	0.7282 |	33.0405 |	0.0313 |	96.5093 |		332.95 
200 |	1000 |	4 |	0.3686 |	0.3688 |	0.7241 |	0.7244 |	32.6412 |	0.0052 |	92.2454 |		730.73 
200 |	1000 |	5 |	0.3678 |	0.3679 |	0.7222 |	0.7224 |	32.5063 |	0.0056 |	95.4381 |		1581.13 
200 |	1000 |	6 |	0.3675 |	0.3676 |	0.7219 |	0.7222 |	32.3898 |	0.0024 |	92.2397 |		3062.93 
200 |	1000 |	7 |	0.3668 |	0.3670 |	0.7205 |	0.7210 |	32.2885 |	0.0064 |	92.2395 |		51683.84 
200 |	1000 |	8 |	0.3667 |	0.3670 |	0.7199 |	0.7205 |	32.4418 |	0.0157 |	93.8785 |		9399.65 
200 |	1000 |	9 |	0.3664 |	0.3667 |	0.7187 |	0.7194 |	32.7108 |	0.0205 |	97.8583 |		15014.08 
