partitionNum numEpochs numMFs trnRMSE2 chkRMSE2 trnRMSE3  chkRMSE3 cartesian_errorRMSE cartesian_error_min cartesian_error_max t

10 |	1000 |	2 |	0.4082 |	0.4371 |	0.7935 |	0.8453 |	43.8241 |	3.9120 |	93.1361 |		0.41 
10 |	1000 |	3 |	0.2151 |	2.1878 |	0.4285 |	4.3449 |	18.8896 |	0.2864 |	56.2649 |		0.88 
10 |	1000 |	4 |	0.0174 |	17.3371 |	0.0380 |	35.7334 |	2.6876 |	0.0050 |	11.6482 |		1.94 
10 |	1000 |	5 |	0.0000 |	11.0716 |	0.0001 |	24.5967 |	0.0117 |	0.0001 |	0.0306 |		4.07 
10 |	1000 |	6 |	0.0001 |	32.9171 |	0.0002 |	64.8235 |	0.0135 |	0.0001 |	0.0425 |		7.73 
10 |	1000 |	7 |	0.0000 |	1.6772 |	0.0000 |	3.1019 |	0.0021 |	0.0000 |	0.0058 |		14.17 
10 |	1000 |	8 |	0.0000 |	1.4305 |	0.0000 |	2.4356 |	0.0024 |	0.0001 |	0.0087 |		23.34 
10 |	1000 |	9 |	0.0000 |	1.6478 |	0.0000 |	3.2280 |	0.0040 |	0.0000 |	0.0130 |		37.17 
10 |	1000 |	10 |	0.0000 |	1.6246 |	0.0000 |	2.8496 |	0.0062 |	0.0001 |	0.0205 |		56.08 
20 |	1000 |	2 |	0.3942 |	0.3980 |	0.7649 |	0.7726 |	39.4724 |	0.1433 |	94.0479 |		1.42 
20 |	1000 |	3 |	0.3857 |	0.3937 |	0.7582 |	0.7731 |	36.1220 |	0.7912 |	92.7917 |		3.52 
20 |	1000 |	4 |	0.3404 |	0.4039 |	0.6685 |	0.7934 |	31.8746 |	0.0723 |	116.8640 |		7.72 
20 |	1000 |	5 |	0.3080 |	0.6707 |	0.6067 |	1.3014 |	30.7651 |	0.2594 |	99.0706 |		16.31 
20 |	1000 |	6 |	0.3257 |	2.3497 |	0.5557 |	1.3962 |	53.7390 |	0.7255 |	177.1842 |		31.06 
20 |	1000 |	7 |	0.2555 |	11.8436 |	0.4940 |	23.6982 |	25.2404 |	0.0069 |	102.3554 |		56.06 
20 |	1000 |	8 |	0.1246 |	13.4715 |	0.2782 |	83.6519 |	35.3134 |	0.0112 |	118.0956 |		93.21 
20 |	1000 |	9 |	0.0891 |	21.4786 |	0.1765 |	49.5492 |	9.9372 |	0.0076 |	45.8469 |		147.68 
20 |	1000 |	10 |	0.0132 |	31.3100 |	0.0160 |	72.3572 |	3.5708 |	0.0037 |	11.6678 |		226.25 
30 |	1000 |	2 |	0.3881 |	0.3897 |	0.7541 |	0.7574 |	37.8011 |	0.5049 |	93.1679 |		3.31 
30 |	1000 |	3 |	0.3807 |	0.3840 |	0.7485 |	0.7537 |	35.3718 |	0.3062 |	94.0513 |		7.80 
30 |	1000 |	4 |	0.3757 |	0.3842 |	0.7379 |	0.7543 |	33.8804 |	0.1173 |	92.2428 |		17.04 
30 |	1000 |	5 |	0.3731 |	0.3822 |	0.7319 |	0.7506 |	34.3727 |	0.0348 |	98.5800 |		36.41 
30 |	1000 |	6 |	0.3455 |	0.4431 |	0.6785 |	0.8676 |	30.5836 |	0.0788 |	92.1807 |		69.46 
30 |	1000 |	7 |	0.3244 |	0.4830 |	0.6367 |	0.9468 |	28.1921 |	0.0135 |	91.9681 |		127.61 
30 |	1000 |	8 |	0.2946 |	0.8070 |	0.5772 |	1.4068 |	26.1312 |	0.0933 |	89.8222 |		211.23 
30 |	1000 |	9 |	0.2655 |	0.9484 |	0.5416 |	1.8599 |	32.7786 |	0.2100 |	133.3250 |		335.63 
30 |	1000 |	10 |	0.2716 |	1.5830 |	0.5337 |	3.1432 |	23.7825 |	0.0026 |	91.0421 |		503.00 
40 |	1000 |	2 |	0.3849 |	0.3858 |	0.7486 |	0.7504 |	37.0369 |	0.2346 |	92.8833 |		5.70 
40 |	1000 |	3 |	0.3780 |	0.3798 |	0.7428 |	0.7459 |	34.5579 |	0.1319 |	92.6759 |		13.78 
40 |	1000 |	4 |	0.3747 |	0.3780 |	0.7356 |	0.7435 |	34.9859 |	0.3255 |	94.3917 |		30.45 
40 |	1000 |	5 |	0.3728 |	0.3776 |	0.7322 |	0.7416 |	33.4894 |	0.0685 |	92.2557 |		64.07 
40 |	1000 |	6 |	0.3727 |	0.3791 |	0.7317 |	0.7446 |	33.4006 |	0.0439 |	92.2674 |		123.05 
40 |	1000 |	7 |	0.3717 |	0.3790 |	0.7301 |	0.7446 |	33.4279 |	0.0476 |	92.2311 |		224.25 
40 |	1000 |	8 |	0.3376 |	0.4096 |	0.6635 |	0.7951 |	30.2123 |	0.0717 |	109.8069 |		376.95 
40 |	1000 |	9 |	0.3201 |	0.6021 |	0.6295 |	1.1663 |	29.4643 |	0.1353 |	141.7366 |		592.70 
40 |	1000 |	10 |	0.3150 |	0.6140 |	0.6191 |	1.1894 |	27.4561 |	0.0387 |	92.2396 |		892.26 
50 |	1000 |	2 |	0.3830 |	0.3836 |	0.7452 |	0.7463 |	36.5845 |	0.1888 |	92.6922 |		8.83 
50 |	1000 |	3 |	0.3763 |	0.3775 |	0.7395 |	0.7414 |	34.2048 |	0.1004 |	92.6843 |		21.34 
50 |	1000 |	4 |	0.3734 |	0.3754 |	0.7335 |	0.7372 |	33.5146 |	0.0167 |	92.2485 |		47.39 
50 |	1000 |	5 |	0.3723 |	0.3751 |	0.7312 |	0.7367 |	33.2512 |	0.0037 |	92.2451 |		101.16 
50 |	1000 |	6 |	0.3722 |	0.3751 |	0.7310 |	0.7370 |	33.3043 |	0.0414 |	92.2532 |		194.13 
50 |	1000 |	7 |	0.3707 |	0.3756 |	0.7278 |	0.7378 |	33.2685 |	0.0274 |	109.1508 |		349.67 
50 |	1000 |	8 |	0.3556 |	0.3749 |	0.6999 |	0.7364 |	31.0971 |	0.0413 |	93.3384 |		580.53 
50 |	1000 |	9 |	0.3572 |	0.3840 |	0.7015 |	0.7524 |	31.7280 |	0.0331 |	121.2988 |		927.40 
50 |	1000 |	10 |	0.3676 |	0.3790 |	0.7218 |	0.7454 |	32.6331 |	0.0137 |	92.2314 |		1398.66 
60 |	1000 |	2 |	0.3818 |	0.3821 |	0.7429 |	0.7437 |	36.2963 |	0.0295 |	92.5768 |		12.93 
60 |	1000 |	3 |	0.3751 |	0.3759 |	0.7376 |	0.7389 |	34.0145 |	0.1452 |	92.6452 |		31.06 
60 |	1000 |	4 |	0.3723 |	0.3737 |	0.7314 |	0.7340 |	33.2907 |	0.0457 |	92.2397 |		69.79 
60 |	1000 |	5 |	0.3714 |	0.3734 |	0.7296 |	0.7335 |	33.0770 |	0.0730 |	92.3194 |		146.74 
60 |	1000 |	6 |	0.3713 |	0.3731 |	0.7292 |	0.7330 |	33.2489 |	0.0241 |	92.4644 |		281.94 
60 |	1000 |	7 |	0.3703 |	0.3731 |	0.7273 |	0.7329 |	32.9116 |	0.0603 |	92.2494 |		515.27 
60 |	1000 |	8 |	0.3616 |	0.3729 |	0.7103 |	0.7325 |	31.8442 |	0.0345 |	92.2359 |		847.21 
60 |	1000 |	9 |	0.3687 |	0.3732 |	0.7216 |	0.7330 |	33.8901 |	0.0383 |	97.1288 |		1344.66 
60 |	1000 |	10 |	0.3693 |	0.3734 |	0.7254 |	0.7336 |	32.8008 |	0.0233 |	92.2340 |		2011.64 
70 |	1000 |	2 |	0.3809 |	0.3811 |	0.7413 |	0.7418 |	36.1093 |	0.0497 |	92.5243 |		17.73 
70 |	1000 |	3 |	0.3743 |	0.3749 |	0.7353 |	0.7366 |	33.6729 |	0.0260 |	95.8584 |		42.73 
70 |	1000 |	4 |	0.3716 |	0.3726 |	0.7300 |	0.7319 |	33.1619 |	0.0176 |	92.2429 |		92.98 
70 |	1000 |	5 |	0.3707 |	0.3717 |	0.7283 |	0.7308 |	33.3717 |	0.0986 |	156.0222 |		199.59 
70 |	1000 |	6 |	0.3706 |	0.3719 |	0.7279 |	0.7305 |	32.9650 |	0.0120 |	92.2340 |		384.60 
70 |	1000 |	7 |	0.3697 |	0.3719 |	0.7262 |	0.7306 |	32.7814 |	0.0084 |	92.2350 |		692.18 
70 |	1000 |	8 |	0.3659 |	0.3716 |	0.7187 |	0.7298 |	32.2816 |	0.0167 |	92.3698 |		1148.27 
70 |	1000 |	9 |	0.3686 |	0.3716 |	0.7239 |	0.7300 |	32.6156 |	0.0226 |	92.2454 |		1847.90 
70 |	1000 |	10 |	0.3689 |	0.3718 |	0.7246 |	0.7304 |	32.7671 |	0.0132 |	92.2358 |		2730.99 
80 |	1000 |	2 |	0.3802 |	0.3804 |	0.7400 |	0.7405 |	35.9591 |	0.0776 |	92.4748 |		21.88 
80 |	1000 |	3 |	0.3737 |	0.3741 |	0.7334 |	0.7345 |	33.5224 |	0.0497 |	96.6057 |		52.49 
80 |	1000 |	4 |	0.3711 |	0.3718 |	0.7289 |	0.7303 |	33.0650 |	0.0063 |	92.2429 |		116.35 
80 |	1000 |	5 |	0.3701 |	0.3710 |	0.7273 |	0.7287 |	32.8201 |	0.0127 |	92.3038 |		248.06 
80 |	1000 |	6 |	0.3700 |	0.3709 |	0.7268 |	0.7287 |	32.8513 |	0.0111 |	92.2345 |		473.22 
80 |	1000 |	7 |	0.3685 |	0.3703 |	0.7242 |	0.7277 |	33.0408 |	0.0177 |	96.1657 |		15953.57 
80 |	1000 |	8 |	0.3662 |	0.3706 |	0.7197 |	0.7279 |	33.3616 |	0.0152 |	164.0905 |		21188.13 
80 |	1000 |	9 |	0.3651 |	0.3706 |	0.7166 |	0.7280 |	33.0982 |	0.0716 |	118.0024 |		9797.19 
80 |	1000 |	10 |	0.3685 |	0.3708 |	0.7239 |	0.7283 |	32.6887 |	0.0153 |	92.2483 |		4886.12 
90 |	1000 |	2 |	0.3796 |	0.3798 |	0.7391 |	0.7394 |	35.8315 |	0.1877 |	92.4195 |		27.56 
90 |	1000 |	3 |	0.3732 |	0.3735 |	0.7321 |	0.7330 |	33.4105 |	0.1662 |	97.9987 |		66.94 
90 |	1000 |	4 |	0.3706 |	0.3712 |	0.7280 |	0.7291 |	32.9811 |	0.0113 |	92.2446 |		147.20 
90 |	1000 |	5 |	0.3699 |	0.3706 |	0.7266 |	0.7282 |	32.7538 |	0.0279 |	92.9105 |		313.55 
90 |	1000 |	6 |	0.3696 |	0.3703 |	0.7259 |	0.7274 |	32.7689 |	0.0122 |	92.2340 |		596.14 
90 |	1000 |	7 |	0.3683 |	0.3699 |	0.7236 |	0.7266 |	32.5470 |	0.0097 |	92.3514 |		1084.48 
