10 |	500 |	2 |	0.0441 |	0.1769 |	0.0595 |	0.2102 |	35.0791 |	2.3860 |	151.5126 |		0.32 
10 |	500 |	3 |	0.0075 |	0.6026 |	0.0186 |	1.5039 |	88.9466 |	1.7816 |	300.7353 |		0.44 
10 |	500 |	4 |	0.0016 |	1.5343 |	0.0029 |	2.8815 |	168.6123 |	3.1412 |	464.0428 |		0.99 
10 |	500 |	5 |	0.0005 |	2.3307 |	0.0001 |	1.6801 |	194.8358 |	8.2084 |	519.1364 |		2.03 
10 |	500 |	6 |	0.0000 |	0.7692 |	0.0000 |	1.1000 |	106.5546 |	1.1282 |	342.4532 |		3.91 
10 |	500 |	7 |	0.0000 |	1.0441 |	0.0000 |	1.5253 |	191.3857 |	6.1158 |	625.5818 |		7.09 
10 |	500 |	8 |	0.0000 |	0.8198 |	0.0000 |	0.5227 |	164.0823 |	2.6072 |	624.2153 |		11.81 
10 |	500 |	9 |	0.0000 |	0.8749 |	0.0000 |	0.7083 |	161.5942 |	7.4095 |	629.0190 |		18.56 
10 |	500 |	10 |	0.0000 |	1.0498 |	0.0000 |	0.7715 |	199.8085 |	4.0177 |	629.9484 |		28.28 
20 |	500 |	2 |	0.0487 |	0.0707 |	0.0747 |	0.1185 |	12.4193 |	0.4108 |	103.9274 |		0.74 
20 |	500 |	3 |	0.0196 |	0.0490 |	0.0395 |	0.0945 |	5.5069 |	0.3025 |	24.1058 |		1.74 
20 |	500 |	4 |	0.0204 |	0.0871 |	0.0407 |	0.1851 |	11.8301 |	0.1035 |	64.8913 |		3.95 
20 |	500 |	5 |	0.0083 |	1.0060 |	0.0151 |	1.4404 |	65.1519 |	0.4279 |	462.7651 |		8.43 
20 |	500 |	6 |	0.0037 |	0.1839 |	0.0074 |	0.3333 |	35.6708 |	0.2279 |	256.3560 |		15.52 
20 |	500 |	7 |	0.0018 |	0.3554 |	0.0035 |	0.5666 |	61.4179 |	0.3654 |	572.2944 |		28.16 
20 |	500 |	8 |	0.0013 |	0.2046 |	0.0025 |	0.3664 |	41.7306 |	0.2340 |	212.7630 |		48.13 
20 |	500 |	9 |	0.0011 |	0.3528 |	0.0015 |	0.3827 |	102.7713 |	0.4082 |	488.5110 |		73.61 
20 |	500 |	10 |	0.0007 |	0.3804 |	0.0015 |	0.6136 |	109.5996 |	1.7098 |	521.3018 |		111.39 
50 |	500 |	2 |	0.0371 |	0.0362 |	0.0694 |	0.0769 |	7.7817 |	0.1222 |	98.5986 |		4.46 
50 |	500 |	3 |	0.0248 |	0.0250 |	0.0451 |	0.0512 |	5.1415 |	0.1326 |	99.1554 |		10.80 
50 |	500 |	4 |	0.0206 |	0.0221 |	0.0411 |	0.0435 |	2.2461 |	0.0248 |	13.0735 |		23.72 
50 |	500 |	5 |	0.0164 |	0.0177 |	0.0326 |	0.0348 |	1.5393 |	0.0175 |	7.7383 |		50.42 
50 |	500 |	6 |	0.0124 |	0.0572 |	0.0253 |	0.0767 |	7.5921 |	0.0401 |	209.7884 |		96.92 
50 |	500 |	7 |	0.0112 |	0.0242 |	0.0220 |	0.0487 |	2.1075 |	0.0208 |	23.5713 |		175.22 
50 |	500 |	8 |	0.0103 |	0.0217 |	0.0195 |	0.0383 |	2.1102 |	0.0155 |	22.4959 |		292.86 
50 |	500 |	9 |	0.0087 |	0.0214 |	0.0171 |	0.0451 |	2.8006 |	0.0122 |	26.8913 |		468.32 
50 |	500 |	10 |	0.0081 |	0.0197 |	0.0159 |	0.0394 |	2.8987 |	0.0078 |	45.3157 |		699.17 
100 |	500 |	2 |	0.0312 |	0.0311 |	0.0682 |	0.0687 |	5.5590 |	0.0651 |	111.7742 |		18.10 
100 |	500 |	3 |	0.0236 |	0.0235 |	0.0446 |	0.0458 |	3.6464 |	0.0521 |	29.4106 |		42.97 
100 |	500 |	4 |	0.0200 |	0.0202 |	0.0396 |	0.0400 |	1.9688 |	0.0156 |	10.9047 |		95.06 
100 |	500 |	5 |	0.0158 |	0.0160 |	0.0314 |	0.0318 |	1.4229 |	0.0046 |	14.1410 |		201.28 
100 |	500 |	6 |	0.0117 |	0.0132 |	0.0230 |	0.0261 |	0.9550 |	0.0016 |	8.5618 |		386.25 
100 |	500 |	7 |	0.0105 |	0.0116 |	0.0199 |	0.0211 |	1.5349 |	0.0052 |	19.1859 |		700.12 
100 |	500 |	8 |	0.0100 |	0.0107 |	0.0196 |	0.0212 |	1.1876 |	0.0100 |	35.0601 |		1167.94 
100 |	500 |	9 |	0.0084 |	0.0096 |	0.0163 |	0.0189 |	0.7292 |	0.0023 |	7.2050 |		1854.52 
100 |	500 |	10 |	0.0077 |	0.0107 |	0.0152 |	0.0205 |	1.7005 |	0.0072 |	49.1822 |		2776.96 
200 |	500 |	2 |	0.0300 |	0.0301 |	0.0672 |	0.0675 |	5.6355 |	0.0679 |	168.8529 |		76.53 
200 |	500 |	3 |	0.0236 |	0.0235 |	0.0440 |	0.0441 |	3.2618 |	0.0141 |	21.6430 |		175.64 
200 |	500 |	4 |	0.0197 |	0.0197 |	0.0387 |	0.0388 |	1.8952 |	0.0042 |	11.8753 |		387.51 
200 |	500 |	5 |	0.0146 |	0.0146 |	0.0295 |	0.0295 |	1.6488 |	0.0123 |	8.9011 |		816.60 
200 |	500 |	6 |	0.0114 |	0.0115 |	0.0224 |	0.0226 |	0.8359 |	0.0016 |	6.2123 |		1554.44 
